4679035
4679036
4679037
4722059
4724740
4725488
4726049
4726056
4726063
4726065
4734677
4734678
4734679
4734684
4734696
4734768
4734769
4734780
4734913
4734914
4734915
4734921
4734923
4734927
4734932
4734936
4734993
4734994
4734995
4734996
4735045
4735073
4735079
4735085
4735094
4735095
4735099
4735104
4735106
4735110
4735113
4735130
4735138
4735146
4735215
4735219
4735220
4735221
4735222
4735224
4735225
4735229
4735235
4735237
4735241
4735242
4735244
4735245
4735274
4735287
4735292
4735296
4735305
4735310
4735316
4735324
4735341
4735359
4735378
4735603
4735609
4735611
4735615
4735620
4735622
4735623
4735624
4740503
5370315
5370317
5370318
5370320
5370326
5370327
5370328
5370329
5370338
5370339
5370340
5370341
5370342
5370343
5370344
5370350
5370351
5370352
5370353
5370354
5370366
5370367
5370368
5370369
5370370
5370371
5370372
5370373
5370374
5370375
5370377
5370837
5371107
5371108
5371117
5371118
5371122
5371124
5371128
5371129
5371149
5371150
5372564
5372565
5372566
5372582
5372583
5372584
5372585
5372586
5372587
5372588
5372589
5372590
5372591
5372592
5372593
5372594
5372595
5372596
5372597
5372598
5372599
5372600
5372601
5372602
5372603
5372604
5372605
5372608
5372609
5372610
5372637
5372638
5372785
5372787
5373530
5373531
